[(array([[10,  7, 11],
       [ 1,  1,  4],
       [ 4, 10, 12]]), 0.0), (array([[10,  7, 11],
       [ 1,  1,  4],
       [ 4, 10, 12]]), 0.0), (array([[10,  7, 11],
       [ 1,  1,  4],
       [ 4, 10, 12]]), 0.0), (array([[10,  7, 11],
       [ 1,  1,  4],
       [ 4, 10, 12]]), 0.0), (array([[10,  7, 11],
       [ 1,  1,  4],
       [ 4, 10, 12]]), 0.0), (array([[10,  7, 11],
       [ 1,  1,  4],
       [ 4, 10, 12]]), 0.0), (array([[10,  7, 11],
       [ 1,  1,  4],
       [ 4, 10, 12]]), 0.0), (array([[10,  7, 11],
       [ 1,  1,  4],
       [ 4, 10, 12]]), 0.0), (array([[10,  7, 11],
       [ 1,  1,  4],
       [ 4, 10, 12]]), 0.0), (array([[10,  7, 11],
       [ 1,  1,  4],
       [ 4, 10, 12]]), 0.0)]