[(array([[6,  9, 10],       [7, 11, 10],     [10, 12,  4]]),          79.23076923076923), 
(array([[9, 2, 4],          [7, 6, 7],       [8, 3, 5]]),             76.15384615384616), 
(array([[9, 2, 4],          [6, 6, 7],       [2, 2, 5]]),             80.76923076923077), 
(array([[9, 2, 4],          [6, 6, 7],       [2, 2, 5]]),             77.6923076923077), 
(array([[9, 2, 4],          [6, 6, 7],       [8, 3, 4]]),             81.53846153846153), 
(array([[9, 2, 4],          [6, 6, 7],       [2, 2, 5]]),             81.53846153846153), 
(array([[10,  3,  5],       [ 6,  6,  7],    [ 2,  2,  5]]),          81.53846153846153), 
(array([[ 6,  9, 10],       [ 6,  6,  7],    [ 2,  2,  5]]),          83.84615384615384), 
(array([[9, 2, 4],          [6, 6, 7],       [2, 2, 5]]),             83.07692307692308), 
(array([[9, 2, 4],          [6, 6, 7],       [2, 2, 5]]),             82.3076923076923)]
